1998 19 3
1979 28 3
1916 45 0
1997 8 3
1980 80 3
1964 37 3
1924 65 3
1976 88 1
1924 40 2
1977 76 2
1928 96 1
1900 92 3
1940 99 2
1928 67 0
1908 14 1
1962 16 3
1954 68 3
1949 10 1
1984 69 3
1969 1 2
1908 97 0
1921 72 3
1916 96 1
1976 83 1
1989 65 1
1991 0 1
1924 81 2
1910 39 2
1933 59 0
1955 23 0
1951 0 3
1913 74 2
1935 94 0
1953 35 3
1905 28 0
1931 94 2
1952 72 1
1974 17 3
1904 18 2
1973 58 3
1946 20 0
1952 94 0
1958 13 1
1916 74 3
1974 17 1
1915 78 2
1975 35 3
1981 39 3
1961 25 1
1933 30 3
1928 75 2
1950 20 1
1976 60 0
1960 26 2
1940 65 3
1929 50 0
1978 89 0
1935 81 0
1985 38 1
1911 47 1
1965 66 1
1993 92 0
1915 80 2
1958 62 2
1911 30 0
1989 37 3
1939 47 2
1976 33 0
1925 62 2
1977 11 0
1983 63 0
1903 5 0
1922 55 0
1905 75 1
1901 93 1
1919 28 3
1901 60 2
1907 85 0
1994 64 2
1963 67 0
1975 45 0
1971 34 3
1944 91 1
1963 46 3
1900 89 3
1952 67 2
1974 61 2
1929 2 0
1960 16 0
1932 94 2
1902 73 1
1975 14 0
1982 46 1
1985 49 1
1950 62 3
1919 93 1
1962 95 1
1904 44 0
1924 55 3
1921 82 2
1956 48 0
1964 32 3
1998 55 3
1993 35 1
1984 27 2
1991 91 1
1950 35 2
1963 95 3
1987 79 2
1926 65 1
1949 40 0
1915 67 0
1957 63 0
1994 40 0
1958 84 1
1928 43 1
1915 91 0
1902 49 0
1989 4 2
1965 85 0
1942 83 2
1932 97 1
1943 62 3
1906 61 3
1979 59 2
1951 71 2
1963 90 0
1909 85 3
1948 62 1
1995 7 2
1988 89 0
1973 43 2
1909 94 2
1952 4 3
1981 72 3
1911 3 0
1923 77 0
1979 90 1
1994 27 0
1941 62 0
1913 20 0
1935 38 2
1907 30 1
1907 60 3
1904 21 1
1993 75 2
1939 74 0
1916 38 2
1980 9 3
1919 81 0
1929 78 2
1956 23 1
1962 28 0
1915 37 2
1951 79 1
1921 74 1
1978 42 0
1948 31 0
1998 62 1
1997 79 0
1918 59 3
1911 49 2
1981 92 2
1976 90 0
1948 24 3
1968 64 2
1911 44 2
1944 57 2
1973 51 1
1966 23 2
1976 95 0
1954 34 1
1970 32 1
1925 61 1
1900 85 0
1993 40 1
1952 60 0
1910 64 0
1954 24 0
1927 45 1
1942 37 3
1991 81 3
1951 10 0
1966 58 1
1970 20 0
1956 60 1
1918 32 3
1990 78 2
1919 91 0
1903 40 0
1982 28 3
1913 47 3
1932 16 1
1901 91 2
1958 42 0
1925 96 3
1917 64 3
1906 79 2
1979 20 2
1948 78 3
1921 88 3
1905 32 2
1964 53 2
1993 72 0
1989 23 0
1932 48 0
1939 14 2
1962 28 1
1901 22 2
1988 1 0
1943 91 2
1972 45 1
1977 6 2
1953 73 0
1976 81 1
1905 33 2
1961 85 2
1954 40 2
1963 83 1
1962 24 2
1927 65 3
1941 45 2
1994 34 3
1984 91 0
1941 14 1
1988 60 3
1957 52 0
1926 48 3
1931 80 2
1980 8 0
1996 25 1
1932 51 1
1929 45 0
1939 79 1
1917 78 1
1991 45 3
1921 79 0
1961 98 3
1998 48 2
1999 1 3
1998 60 3
1918 10 0
1908 79 0
1958 42 1
1995 28 0
1985 3 2
1911 97 1
1914 75 1
1936 29 0
1982 12 0
1997 93 2
1982 79 2
1960 20 1
1938 53 2
1964 10 2
1931 48 3
1959 79 1
1983 26 1
1990 55 3
1972 96 0
1999 84 1
1947 2 2
1959 39 2
1948 33 3
1943 79 1
1960 89 2
1982 74 1
1913 53 2
1977 20 1
1994 15 3
1987 2 0
1970 13 2
1934 39 0
1972 87 3
1995 90 0
1982 44 0
1992 29 0
1955 81 2
1985 49 0
1955 47 2
1943 39 0
1934 18 3
1935 86 0
1931 44 0
1977 52 3
1963 47 2
1909 75 2
1949 52 0
1924 70 1
1905 43 0
1905 99 1
1979 98 0
1940 58 1
1999 16 2
1985 43 1
1917 60 1
1979 96 1
1963 55 2
1969 91 2
1999 92 3
1967 17 3
1936 72 2
1928 13 0
1959 4 0
1961 11 1
1947 7 3
1971 75 2
1920 74 3
1971 95 0
1971 79 2
1928 65 0
1904 37 1
1911 56 1
1948 72 0
1971 20 1
1904 73 3
1957 91 1
1922 84 1
1903 72 2
1919 77 1
1909 81 1
1979 79 1
1900 77 3
1926 51 2
1966 92 1
1932 42 2
1965 47 3
1902 77 0
1981 98 3
1930 64 0
1909 23 3
1994 22 1
1987 77 1
1915 18 0
1937 38 2
1918 60 2
1995 94 1
1927 18 0
1903 26 0
1958 26 1
1942 72 1
1967 68 3
1927 19 3
1901 9 3
1953 37 0
1904 99 0
1959 64 1
1969 65 0
1916 66 1
1921 86 1
1944 42 2
1906 60 3
1913 11 2
1914 31 0
1927 31 1
1965 94 2
1939 48 0
1902 59 2
1963 59 3
1913 2 2
1901 96 0
1990 21 3
1919 41 1
1905 52 0
1956 53 2
1920 9 3
1984 64 2
1972 44 0
1918 67 0
1935 77 2
1939 89 1
1972 71 3
1946 97 1
1934 2 2
1954 23 0
1901 24 3
1980 90 1
1916 16 1
1967 43 3
1925 37 3
1950 62 3
1987 79 3
1951 65 3
1939 33 1
1914 32 2
1972 84 1
1919 19 2
1917 47 3
1997 48 0
1902 94 1
1916 32 0
1915 80 2
1902 75 3
1930 7 2
1974 19 0
1913 53 0
1919 91 1
1901 92 1
1921 34 3
1949 14 1
1960 98 2
1982 81 2
1915 79 3
1989 4 1
1908 18 1
1993 9 1
1921 25 2
1921 40 3
1943 38 0
1926 24 0
1940 87 3
1985 1 3
1991 94 3
1980 63 2
1921 1 3
1962 19 3
1922 76 1
1967 38 2
1942 8 2
1958 13 2
1938 12 2
1942 96 3
1960 25 1
1954 11 1
1920 49 2
1930 34 1
1954 14 0
1986 87 3
1918 20 3
1968 18 3
1950 30 1
1963 46 3
1903 57 1
1963 69 1
1994 75 3
1944 75 1
1936 99 0
1966 95 1
1904 97 1
1958 98 0
1932 32 0
1934 93 3
1925 21 2
1950 25 2
1972 62 2
1928 18 1
1957 40 0
1951 13 0
1959 99 0
1972 83 0
1996 46 1
1913 67 2
1931 78 3
1941 9 0
1981 27 3
1903 64 2
1985 67 2
1995 71 3
1978 33 0
1984 93 0
1922 56 2
1902 50 0
1930 62 3
1989 72 3
1914 85 2
1957 7 0
1997 1 2
1995 24 2
1987 62 3
1914 4 2
1980 59 1
1987 75 3
1950 15 0
1967 39 1
1958 87 2
1971 96 3
1927 11 0
1908 38 3
1982 39 1
1973 23 1
1973 55 1
1935 61 2
1964 13 3
1974 9 1
1937 2 3
1913 67 1
1929 72 2
1995 27 0
1980 46 3
1923 24 3
1982 2 2
1995 27 2
1975 89 2
1968 10 3
1966 51 0
1912 38 0
1921 17 1
1958 8 2
1917 38 2
1944 67 3
1937 40 2
1938 80 1
1951 22 2
1934 22 2
1902 9 0
1953 90 3
1986 89 0
1915 13 2
1923 2 1
1920 27 3
1927 74 1
1930 83 0
1913 49 3
1928 96 3
1961 83 1
1922 37 0
1988 99 3
1902 65 3
1923 91 2
1938 26 3
1966 53 2
1996 71 0
1971 28 1
1969 51 1
1955 90 2
1952 1 3
1968 6 2
1962 88 2
1914 12 3
1916 66 3
1999 0 2
1972 56 0
1967 23 3
1941 5 2
1910 17 3
1960 38 1
1937 47 2
1921 72 2
1931 2 1
1951 95 2
1972 23 3
1953 46 1
1995 33 0
1943 5 0
1916 90 2
1921 73 3
1917 57 2
1908 52 3
1927 61 1
1940 83 2
1919 6 3
1998 75 1
1924 46 2
1990 90 3
1972 91 0
1945 99 3
1957 13 3
1915 43 1
1968 68 2
1908 52 0
1987 23 2
1948 88 3
1901 12 0
1904 97 0
1991 89 1
1983 71 1
1969 28 2
1902 95 3
1908 88 1
1924 24 3
1943 40 0
1963 49 0
1917 91 0
1998 29 3
1989 70 1
1987 95 3
1930 98 2
1926 8 1
1991 46 3
1941 24 3
1920 48 1
1910 98 0
1998 56 2
1922 34 3
1929 13 3
1949 82 3
1958 13 2
1910 32 3
1964 50 2
1913 83 1
1993 68 1
1982 22 1
1991 88 1
1955 3 1
1940 10 2
1937 91 2
1922 32 3
1915 57 0
1999 62 2
1996 54 3
1991 3 1
1906 68 0
1901 21 1
1932 13 2
1996 88 2
1994 91 0
1925 73 2
1935 33 3
1924 79 0
1967 74 1
1938 66 3
1944 78 0
1900 33 1
1979 35 1
1975 73 1
1969 39 2
1934 55 0
1954 37 0
1943 46 1
1939 70 1
1967 39 1
1937 72 1
1942 33 2
1964 10 1
1925 48 2
1961 10 3
1923 57 1
1986 10 0
1912 30 1
1906 54 2
1951 85 3
1981 5 3
1947 94 3
1949 30 3
1923 88 2
1962 34 2
1909 4 2
1931 57 3
1913 74 2
1900 64 1
1975 75 3
1970 16 0
1978 89 2
1926 56 1
1903 2 3
1947 38 2
1969 17 1
1960 6 3
1914 85 0
1950 47 1
1900 61 0
1938 54 1
1923 80 0
1910 51 2
1955 5 0
1998 49 2
1945 35 3
1910 10 2
1967 10 1
1903 3 0
1955 46 1
1955 36 0
1959 59 2
1971 86 2
1925 65 0
1978 34 3
1978 18 1
1912 55 2
1992 79 1
1959 9 1
1913 53 3
1916 19 0
1942 13 0
1983 85 0
1981 7 0
1965 62 1
1930 16 2
1965 97 1
1937 16 3
1951 22 3
1952 15 0
1931 94 1
1917 60 0
1940 92 2
1956 13 0
1928 46 2
1901 39 2
1975 4 2
1925 88 3
1935 80 0
1915 71 2
1993 92 1
1957 42 0
1998 93 3
1993 23 0
1987 84 1
1946 72 0
1950 43 0
1970 22 2
1905 60 0
1929 83 2
1960 5 0
1953 84 2
1920 14 1
1966 16 1
1940 59 3
1924 23 0
1950 88 1
1961 49 0
1925 16 1
1989 54 1
1911 46 2
1982 77 3
1916 67 1
1912 60 3
1921 5 3
1907 76 1
1931 19 0
1981 25 1
1908 10 1
1922 2 2
1904 68 2
1911 1 3
1978 63 2
1922 4 1
1956 10 0
1902 46 1
1902 32 2
1910 8 3
1903 60 3
1923 29 2
1910 9 0
1932 23 2
1971 2 3
1994 47 3
1934 85 0
1996 41 3
1923 9 0
1952 86 3
1926 91 2
1980 99 2
1986 45 1
1913 79 2
1998 69 1
1931 79 1
1960 85 2
1981 8 0
1932 24 2
1935 29 1
1976 28 3
1908 25 1
1948 21 3
1979 17 3
1902 35 3
1974 59 0
1934 1 1
1952 51 0
1989 16 1
1970 85 3
1981 55 0
1966 80 2
1935 18 1
1925 29 3
1979 2 3
1967 71 1
1981 44 0
1903 64 0
1989 74 1
1994 69 2
1964 96 2
1949 45 1
1965 56 1
1924 84 3
1965 58 0
1978 78 3
1920 36 1
1900 70 1
1917 87 2
1962 92 1
1993 43 3
1913 47 2
1911 78 2
1975 78 3
1989 82 3
1907 73 2
1998 34 0
1990 71 0
1953 45 1
1918 47 0
1928 51 1
1926 75 2
1971 71 3
1982 47 1
1996 26 2
1984 60 0
1928 15 0
1912 71 0
1908 9 1
1953 84 0
1939 43 0
1990 29 2
1989 73 3
1935 84 0
1957 5 1
1918 76 3
1904 99 0
1923 27 3
1985 91 1
1958 84 1
1921 75 1
1916 15 3
1932 63 0
1996 56 0
1949 93 0
1912 6 1
1935 60 0
1990 60 2
1954 58 3
1930 44 2
1990 84 1
1951 20 0
1985 25 1
1900 8 3
1956 11 1
1966 76 3
1968 9 2
1995 44 3
1903 0 2
1995 92 1
1997 46 0
1911 94 1
1905 33 3
1945 62 3
1943 26 0
1923 93 3
1950 71 0
1909 80 1
1939 73 3
1945 89 2
1906 67 0
1926 98 1
1958 9 0
1951 25 3
1923 34 2
1972 15 1
1973 45 2
1907 13 0
1934 79 1
1961 97 1
1917 94 2
1919 2 3
1918 82 1
1918 45 2
1976 17 1
1946 90 1
1962 81 3
1923 89 1
1991 15 0
1985 48 3
1970 17 2
1965 77 3
1976 43 1
1923 10 2
1907 18 2
1944 46 0
1987 16 0
1942 50 3
1978 10 3
1979 63 2
1967 83 2
1916 68 1
1950 7 2
1913 78 0
1950 80 3
1995 72 0
1923 73 3
1948 45 3
1952 51 3
1930 97 2
1936 10 0
1991 41 3
1951 52 3
1962 20 1
1979 3 3
1988 61 0
1933 93 3
1978 19 2
1926 21 1
1950 25 0
1951 25 2
1928 74 0
1905 27 1
1945 42 3
1987 54 2
1959 85 1
1929 32 3
1901 12 0
1948 7 2
1974 20 2
1914 99 0
1955 97 2
1960 14 3
1996 24 1
1979 53 3
1951 3 0
1936 27 0
1944 7 2
1995 71 2
1990 22 1
1935 25 3
1943 73 1
1955 38 0
1934 66 2
1929 36 3
1917 93 0
1955 32 0
1995 28 1
1965 79 0
1929 80 1
1917 6 2
1991 68 0
1968 22 1
1964 30 2
1923 79 2
1985 42 2
1947 5 0
1917 55 2
1995 34 2
1930 64 1
1900 77 1
1956 44 2
1992 10 3
1929 6 2
1909 97 3
1945 62 2
1924 1 1
1914 20 1
1944 63 1
1992 1 2
1932 7 2
1983 31 2
1984 68 1
1950 87 0
1932 55 1
1988 60 1
1966 58 1
1933 70 0
1945 92 0
1912 24 3
1926 90 1
1945 79 3
1965 78 1
1981 93 3
1921 38 2
1973 58 0
1925 86 1
1981 3 1
1967 38 0
1989 72 3
1902 79 0
1988 30 3
1900 99 2
1989 84 3
1971 87 0
1900 20 2
1961 95 3
1924 1 3
1979 62 3
1931 3 0
1926 76 1
1916 99 3
1990 78 0
1944 46 0
1930 56 2
1903 23 0
1986 37 1
1911 29 1
1954 68 2
1948 13 1
1916 43 3
1931 10 0
1968 60 3
1945 14 0
1980 24 0
1987 45 1
1977 56 3
1906 63 3
1933 46 1
1932 63 3
1978 48 1
1986 44 1
1911 24 2
1975 98 1
1959 62 0
1983 26 0
1963 12 0
1945 15 0
1949 8 0
1967 19 1
1953 76 2
