1969 83 2
1931 40 0
1956 68 3
1957 69 G
1953 36 M
1932 38 2
1972 93 1
1930  1
1943 49 1
1975 91 L
1903 56 3
1909 52 3
1953 96 3
1912 82 
1976 66 3
1913 35 
1990 45 1
1927 92 A
1912  2
1924 22 
1971  2
1959 94 E
1985  3
1987 82 
1960 43 H
1900 60 0
1998 70 1
1959  3
1924  3
1938 65 3
1967 92 G
1991  3
1927 9 3
1981 77 2
1944 90 
1962 38 0
1931  0
1953 35 3
1965 47 T
1959  0
1956 51 3
1911  2
1967 88 S
1928  3
1927 35 
1911 12 
1953 68 1
1928 54 S
1972 61 1
1928  2
1912 41 
1996 21 0
1931 20 O
1965 50 2
1974 27 
1919 90 3
1994  1
1998 61 C
1948 74 O
1918 65 2
1955 1 Y
1949 41 
1986 4 2
1973  3
1918  1
1975  2
1916 33 
1992  0
1910 21 E
1958  2
1902 50 E
1949  2
1987 27 3
1950 21 D
1912 71 
1903  2
1957 16 1
1961 66 E
1933  0
1978 32 
1958 47 
1985 46 3
1985 76 A
1979  0
1914  0
1900 69 W
1928  0
1956  0
1924 18 0
1997  0
1968 97 A
1977 96 
1916 70 
1976  2
1968  3
1960 51 0
1910 35 
1900 76 
1955 64 1
1952 28 
1964 5 N
1968  3
1962  1
1907 35 2
1994  3
1930  3
1998  0
1970 33 2
1942 34 
1966 85 T
1948  0
1969 69 1
1931  3
1928 30 N
1908 18 V
1944 4 O
1911 28 0
1957 34 0
1966 59 3
1921 0 C
1925 64 X
1926 96 Y
1911 7 
1903 71 
1952 2 
1962 40 
1989 33 F
1953 45 D
1976 63 X
1949 52 U
1998 34 Q
1937 72 0
1995  2
1966 69 
1908 46 
1938  0
1969 87 H
1962 97 0
1902 37 
1985 39 
1926 44 
1981 76 
1946 61 1
1957 21 B
1941 79 
1974  3
1931 68 2
1928 9 
1982 66 0
1935 84 B
1902 51 F
1937 21 3
1905 69 
1919 60 
1998 7 I
1983  0
1970 11 1
1973 33 V
1948 20 
1956 47 W
1975 32 3
1984  2
1967  2
1978 14 T
1982 61 
1946 12 H
1944 88 Z
1960 76 
1952 13 Y
1990 16 B
1935 9 2
1980  3
1986 12 D
1985 85 
1904 46 0
1976 43 
1942  0
1944 55 I
1941 40 N
1982 98 2
1909 80 
1934 57 P
1947  1
1934 53 
1945 30 O
1950 92 X
1908 22 1
1932 93 2
1992 41 
1983 9 
1936 99 1
1992  2
1964 66 2
1928 1 P
1912 59 M
1940 3 
1982 52 
1983  1
1969 70 
1948 55 H
1916 97 J
1960 55 2
1916 21 
1920 69 3
1982 1 W
1979  3
1998 97 N
1939 21 2
1942 34 0
1949 90 
1971 28 
1938 19 
1977 5 W
1959 18 2
1946 63 3
1985 27 I
1903  2
1928 69 
1909  2
1937  1
1914 56 N
1993 38 1
1933 9 G
1934 51 
1935 72 
1973 90 U
1943  2
1967 1 I
1913  2
1981  2
1907 10 
1909 22 
1966 89 3
1900 62 2
1922 23 C
1980 2 
1928 15 2
1939 35 O
1940 45 1
1955 6 
1914  2
1905 2 0
1955  2
1934 91 
1959 82 B
1946 27 
1974 82 S
1982 94 0
1927 34 
1916 12 Z
1959  3
1972 29 
1953 58 
1953  3
1928 75 K
1910 6 1
1930  0
1943  2
1922 75 
1972  0
1999 52 1
1952  0
1943 30 0
1952 9 C
1949 80 2
1932 71 
1944 32 0
1939 44 0
1974  2
1942 95 
1999  0
1920 43 M
1987 2 2
1957 74 3
1944 10 2
1976 98 2
1993  1
1971 87 W
1927  0
1945 76 3
1968 42 
1980 32 1
1956 9 2
1931 83 
1944  1
1908  0
1988 6 C
1917 72 P
1984 16 
1905 50 
1962  0
1922 28 Z
1937 6 Y
1977 79 V
1938 5 
1936 71 
1984 21 3
1997 31 0
1932 98 E
1906  0
1901 19 0
1972 0 Q
1969 93 H
1901 10 T
1973 27 2
1929 97 1
1904 50 0
1953 67 0
1983 88 B
1932 26 
1961 91 C
1924 63 2
1911 80 H
1982 79 
1945 25 
1924 78 1
1986 31 0
1922  3
1903  1
1959  0
1936 37 2
1919 37 
1995  2
1992  0
1925  0
1996 99 1
1990 5 
1982 83 2
1948 16 2
1946 29 
1981  1
1922 3 
1975 69 
1971 93 
1927 90 U
1920  3
1995  2
1986  3
1954  1
1971 57 F
1949  0
1901 32 
1994 55 
1942 29 P
1987 90 
1959  1
1962 10 3
1952 4 2
1920 98 3
1913 25 3
1909  2
1941 49 G
1919  0
1929  3
1916 21 M
1920  3
1917 66 C
1939 59 
1947  1
1925 28 H
1925 19 3
1978 52 
1970 90 
1934 21 
1998  2
1995 39 2
1954 79 3
1905 6 0
1921 29 
1995 49 2
1919 80 E
1915 40 
1964  2
1923 15 
1967 67 0
1936 45 E
1933 45 0
1955 27 2
1922 7 0
1971 42 
1967 48 
1991  0
1924 97 I
1960  0
1908 18 3
1923 39 
1999 70 
1957 54 3
1945 83 
1950 98 M
1991  3
1967  1
1964 41 D
1939  3
1929 64 0
1989  2
1987 22 
1963  2
1907  2
1935 13 1
1926 1 
1986 38 
1997  0
1923 4 3
1983 90 
1921 18 X
1979 0 
1921 7 0
1942 75 
1990 47 0
1914 22 J
1936 40 F
1997 39 Y
1979 91 2
1917  2
1967  2
1959 55 
1922 90 0
1961 6 Y
1998 9 
1902  2
1908 4 2
1927 18 W
1906 94 0
1997 93 
1922 1 1
1974  2
1974 57 
1957 49 
1998 13 
1980 35 
1971 24 P
1930 47 
1934  3
1947 79 
1976 40 F
1907 83 1
1922 76 
1921 44 1
1947  2
1966 84 2
1904 0 
1916 32 1
1944  1
1945 9 I
1957  3
1969 55 3
1955  1
1946 9 
1975 1 
1910 51 
1913 66 2
1943 31 
1908 0 
1960  1
1973 35 
1957 7 Y
1928 34 3
1978 76 0
1925 94 
1957 11 
1929  2
1926 39 0
1964  1
1954 56 D
1937 16 P
1905  0
1903  3
1963 10 Y
1907 14 S
1978 89 
1987  0
1965 84 H
1922 29 
1964 63 0
1932 72 M
1934 98 O
1989  1
1923 74 0
1945 16 
1922 20 L
1956  2
1980 61 1
1919 78 X
1959 50 G
1940 35 M
1984 6 3
1917 20 C
1985 32 X
1920  3
1920 79 
1924 78 
1970 27 
1989 9 
1981 78 
1927  3
1938  0
1901 44 3
1930 71 2
1985  1
1932  1
1965 78 0
1962 44 I
1933  0
1974 54 
1950 26 
1920 22 
1918  2
1981 6 3
1914 70 1
1914 11 0
1928  0
1974  3
1919 28 
1939  3
1938 95 3
1949 23 I
1997 68 
1958 12 3
1917 12 3
1925 91 
1984 75 
1904 77 3
1930 47 1
1913  1
1968 34 1
1948  3
1919 96 
1919 37 
1914 74 S
1930 71 B
1931 40 3
1988 74 0
1977  3
1958 99 F
1999 66 Z
1918 93 
1917  0
1901 3 D
1916 82 A
1991 22 I
1946 77 
1989  3
1959 29 R
1928  2
1913 62 
1932  2
1995  2
1984 15 1
1900  2
1962 39 L
1985 19 N
1997 29 0
1915 60 Z
1972  1
1909  1
1936  3
1998 83 2
1901 98 2
1950 10 
1970  3
1903 47 Q
1921  3
1991 43 0
1904 24 K
1953 67 
1907 7 
1995  2
1926 64 
1967 49 3
1906 5 
1925 36 
1922  3
1995 93 
1973  1
1957 61 0
1933 73 
1985 26 Q
1902  3
1951 20 S
1936 40 
1993 21 
1945 73 0
1925 17 O
1947 83 
1915 40 R
1933 0 J
1937 13 
1929 50 
1935  0
1989  3
1900 90 1
1912  1
1909 80 X
1943 6 1
1909 39 H
1975 5 1
1966 82 X
1913  0
1979  0
1941 97 
1936 84 E
1919 22 0
1969 10 R
1915 56 1
1920 18 M
1919 40 X
1982 11 
1912 65 
1926 0 
1999 91 Q
1917 71 0
1944 70 
1906 47 
1909 71 
1935 24 1
1947 69 P
1968  0
1951 58 2
1971  1
1946 58 O
1914 20 
1958  0
1943 41 0
1966  0
1900 65 0
1913 72 2
1981 84 L
1921  3
1950 56 
1997 96 3
1935 15 1
1969 65 
1938 2 3
1996 88 3
1900  0
1938 61 1
1941 59 
1989 25 
1957 13 0
1931  0
1928 84 
1995 16 
1994  0
1989 87 
1956  3
1978  3
1920 50 Z
1917 34 0
1925 95 0
1982 12 1
1967  1
1951 21 E
1906  2
1964 79 S
1906  3
1929 73 U
1953 0 C
1934 27 
1988 22 S
1985 36 3
1910 25 O
1937 99 1
1928 34 
1909 73 L
1973 51 Q
1907  1
1959 5 
1946 5 
1936  2
1999 49 3
1975 80 X
1964 39 1
1901 8 
1928 46 0
1973 52 2
1997 94 
1959 6 3
1972  0
1983 80 Q
1963 7 F
1918 28 
1921 43 V
1998  3
1992  3
1974 55 
1915 13 
1918 20 Q
1991 83 0
1983 74 2
1976 21 
1921 6 2
1957 34 
1950 90 
1962 70 0
1976 38 
1932  1
1914 23 
1975 80 
1954  0
1905 55 2
1929 55 2
1925  0
1915 95 
1964 6 
1960  0
1928  2
1953 88 V
1985 50 N
1939 31 
1902 26 
1974  1
1945 88 T
1915  2
1976  2
1968 2 
1952 29 F
1978  3
1946  0
1921  0
1992 89 1
1909 66 
1982 11 
1961  0
1996 44 1
1917 32 E
1935 25 U
1964 99 P
1978 19 
1905  0
1931 87 F
1963  1
1956 23 
1957 49 2
1930  0
1976  3
1968 42 1
1940 23 
1931  1
1929 50 
1960 75 Z
1930 30 
1971 96 
1938 81 M
1926 43 
1984 36 Y
1942 15 E
1944 83 
1995 89 
1980 35 
1928 0 I
1919 18 3
1975 58 
1966 40 0
1996  0
1982 85 1
1912 99 
1971 81 V
1918 2 E
1930 43 U
1925 34 
1932 88 0
1908  1
1937 35 B
1970 72 
1977  2
1974 35 0
1972 86 F
1941 45 
1904 44 G
1906  3
1922 16 3
1946 96 0
1947  3
1939 91 0
1932  2
1905 52 0
1966 87 0
1903 64 O
1916 80 
1926  2
1971  1
1900 77 
1953 86 
1976 65 0
1911  3
1964 3 
1969 74 3
1949 32 
1910 5 
1952  0
1976 19 K
1924 93 D
1996  0
1945  1
1901 92 
1934 89 0
1978  3
1902 93 0
1968  0
1942  1
1998 72 
1975 14 
1980  0
1955 1 
1975 31 0
1949  1
1912 76 1
1953 69 3
1968 53 G
1917 14 L
1912 74 H
1975 55 J
1989 31 2
1940 9 0
1932  0
1912 90 H
1962 71 
1909 85 P
1976  3
1950 19 2
1914  0
1901 70 E
1972  2
1968 20 L
1915 1 3
1986 72 
1900 76 
1952 3 2
1909 38 
1902 63 3
1993 3 0
1958  0
1978  2
1902 19 1
1928  0
1923 36 
1937  1
1974 62 
1952 67 3
1921 44 
1919 91 
1986 16 1
1909 15 2
1960  2
1958 48 3
1952 46 H
1913  3
1927  0
1970 6 E
1993 10 A
1920 17 
1909 68 E
1914 42 
1913 34 A
1918 16 0
1928 74 
1941 86 0
1921 46 2
1969 35 
1994 75 Q
1958  0
1907 35 C
1934 27 X
1965 80 3
1972 97 
1927  3
1988 81 T
1970 56 0
1996  1
1956 85 
1945 1 
1974 98 P
1993 6 0
1989 30 0
1958 42 
1902 87 3
1956  2
1914 36 
1951 40 C
1936  2
1910 19 3
1924  1
1989 82 
1919 52 
1956 95 1
1987 97 3
1943  0
1923 46 2
1960 7 3
1985 79 C
1944  0
1939  2
1941 82 0
1908 92 
1943  1
1923 21 3
1902 22 V
1979 46 
1967 35 G
1969 32 
1976  0
1962 89 I
1965 54 
1905 25 
1916 9 F
1983 2 M
1916  2
1909  1
1995 56 
1913  0
1941 18 
1926  3
1905  2
1950  1
1942  1
1913  1
1918  3
1902 35 Q
1920 39 3
1904 64 
1941 29 X
1943 72 1
1994 69 
1923 8 N
1969  2
1929 67 0
1916 82 
1941 31 
1923 69 
1937 54 1
1939 90 0
1934 69 1
1991 65 J
1957  1
1987  1
1966 10 1
1926  3
1989 37 W
1917 80 3
1993 86 
1937 41 
1981  0
1958  0
1933 92 G
1980 15 
1928 43 2
1968 23 0
1937 60 
1989 19 A
1969 47 2
1961 25 2
1935 2 0
1960  2
1905 88 C
1961  2
1955 30 0
1934 23 3
1910  0
1974 92 2
1911 79 
1999 34 Y
1910 23 
1937 82 N
1929 92 
1960 99 C
1958  3
1914 4 
1904 39 
1971  2
1960 35 0
1910  1
1986  2
1997 82 D
1996  2
1929  3
1932  0
1984  3
1921 45 3
1916 90 E
1956 16 1
1971  2
1990  2
1989 46 
1980 90 
1923 82 2
1912 53 R
1956 46 
1912  0
1940 12 2
1928  0
1986 50 1
1913  1
1993  3
1955 99 0
1923 22 0
1969  3
1988 60 0
1972 63 2
1975  0
1913  2
1901 78 J
1960 0 2
1907 53 
1942 40 J
1922 24 
1978  2
1953 81 S
1955 60 
1976 10 
1980 62 2
1934  3
1946 70 3
1918 4 
1932 4 3
1988  2
1978 54 0
1972 28 3
1945 21 W
1973 99 V
1939 49 2
1918  3
1908 83 0
1900 66 2
1959 84 
